1.591541984732824403e+03
2.239541984732824403e+03
3.994541984732824403e+03
5.748541984732824858e+03
7.724541984732824858e+03
9.484541984732824858e+03
1.145954198473282486e+04
1.321154198473282486e+04
1.519154198473282486e+04
1.649554198473282304e+04
1.869154198473282304e+04
2.045454198473282304e+04
2.220754198473282304e+04
2.396554198473282304e+04
2.549154198473282304e+04
2.724854198473282304e+04
2.923554198473282304e+04
3.120054198473282304e+04
3.272854198473282304e+04
3.449154198473282304e+04
3.645954198473282304e+04
3.821254198473282304e+04
3.974854198473282304e+04
4.018154198473282304e+04
4.195354198473282304e+04
4.324954198473282304e+04
4.369754198473282304e+04
4.544754198473282304e+04
4.699454198473282304e+04
4.874254198473282304e+04
5.049854198473282304e+04
5.094154198473282304e+04
5.224954198473282304e+04
5.421654198473282304e+04
5.619954198473282304e+04
5.796254198473282304e+04
5.949154198473282304e+04
6.124954198473282304e+04
6.168354198473282304e+04
6.299954198473282304e+04
6.344454198473282304e+04
6.474954198473282304e+04
6.519554198473282304e+04
